   3.9530931e-05   1.7440116e-04   1.5765865e-03   6.8109468e-03   2.4504526e-02   6.3107643e-02
   0.0000000e+00   1.9998000e-04   1.5975147e-03   7.2202082e-03   2.5813698e-02   6.3968022e-02
   8.6968047e-04   5.5157275e-03   1.8639996e-02   5.3496976e-02   1.0712185e-01   1.8511172e-01
   1.3277742e-03   5.6901287e-03   2.1549008e-02   5.0853054e-02   1.0701023e-01   1.8319563e-01
   1.1626744e-03   6.4644698e-03   1.9272491e-02   5.5006127e-02   1.1108657e-01   1.9507584e-01
   9.9059861e-04   6.1342703e-03   2.0707232e-02   5.3115619e-02   1.1383745e-01   1.8761612e-01
   0.0000000e+00   0.0000000e+00   0.0000000e+00   0.0000000e+00   0.0000000e+00   0.0000000e+00
   9.9990001e-05   5.9994001e-04   7.0992901e-03   2.5797420e-02   8.4691531e-02   2.0457954e-01
   0.0000000e+00   8.9991001e-04   6.0993901e-03   2.6797320e-02   8.8391161e-02   2.0557944e-01
   3.1996800e-03   1.6498350e-02   5.3394661e-02   1.5238476e-01   3.0086991e-01   4.9465053e-01
   3.7996200e-03   1.6498350e-02   6.0993901e-02   1.4428557e-01   2.9717028e-01   4.8475152e-01
   2.9997000e-03   1.8098190e-02   5.2794721e-02   1.4858514e-01   2.9087091e-01   4.9385061e-01
   2.8997100e-03   1.7198280e-02   5.7794221e-02   1.4588541e-01   2.9987001e-01   4.7675232e-01
